1565255573268942000 000000000
1565255573268942001 000000001
1565255573268942002 000000002
1565255573268942003 000000003
1565255573268942004 000000004
1565255573268942005 000000005
1565255573268942006 000000006
1565255573268942007 000000007
1565255573268942008 000000008
1565255573268942009 000000009
1565255573268942010 000000010
1565255573268942011 000000011
1565255573268942012 000000012
1565255573268942013 000000013
1565255573268942014 000000014
1565255573268942015 000000015
1565255573268942016 000000016
1565255573268942017 000000017
1565255573268942018 000000018
1565255573268942019 000000019
1565290944026698980 9999099980
1565290944026698981 9999099981
1565290944026698982 9999099982
1565290944026698983 9999099983
1565290944026698984 9999099984
1565290944026698985 9999099985
1565290944026698986 9999099986
1565290944026698987 9999099987
1565290944026698988 9999099988
1565290944026698989 9999099989
1565290944026698990 9999099990
1565290944026698991 9999099991
1565290944026698992 9999099992
1565290944026698993 9999099993
1565290944026698994 9999099994
1565290944026698995 9999099995
1565290944026698996 9999099996
1565290944026698997 9999099997
1565290944026698998 9999099998
1565290944026698999 9999099999
