1565255573268942000 0
1565255573268942001 1
1565255573268942002 2
1565255573268942003 3
1565255573268942004 4
1565255573268942005 5
1565255573268942006 6
1565255573268942007 7
1565255573268942008 8
1565255573268942009 9
1565255573268942010 10
1565255573268942011 11
1565255573268942012 12
1565255573268942013 13
1565255573268942014 14
1565255573268942015 15
1565255573268942016 16
1565255573268942017 17
1565255573268942018 18
1565255573268942019 19
1565290944026698980 999999980
1565290944026698981 999999981
1565290944026698982 999999982
1565290944026698983 999999983
1565290944026698984 999999984
1565290944026698985 999999985
1565290944026698986 999999986
1565290944026698987 999999987
1565290944026698988 999999988
1565290944026698989 999999989
1565290944026698990 999999990
1565290944026698991 999999991
1565290944026698992 999999992
1565290944026698993 999999993
1565290944026698994 999999994
1565290944026698995 999999995
1565290944026698996 999999996
1565290944026698997 999999997
1565290944026698998 999999998
1565290944026698999 999999999
1565255573268942000 0
1565255573268942001 1
1565255573268942002 2
1565255573268942003 3
1565255573268942004 4
1565255573268942005 5
1565255573268942006 6
1565255573268942007 7
1565255573268942008 8
1565255573268942009 9
1565255573268942010 10
1565255573268942011 11
1565255573268942012 12
1565255573268942013 13
1565255573268942014 14
1565255573268942015 15
1565255573268942016 16
1565255573268942017 17
1565255573268942018 18
1565255573268942019 19
1565290944026698980 999999980
1565290944026698981 999999981
1565290944026698982 999999982
1565290944026698983 999999983
1565290944026698984 999999984
1565290944026698985 999999985
1565290944026698986 999999986
1565290944026698987 999999987
1565290944026698988 999999988
1565290944026698989 999999989
1565290944026698990 999999990
1565290944026698991 999999991
1565290944026698992 999999992
1565290944026698993 999999993
1565290944026698994 999999994
1565290944026698995 999999995
1565290944026698996 999999996
1565290944026698997 999999997
1565290944026698998 999999998
1565290944026698999 999999999
